R1=[X3(2),X3(3),X3(4),X3(5),X3(6),X3(7),X3(8),X3(9),X3(16),X3(12),X3(13),X3(18),X3(10),X3(15),X3(17),X3(14),X3(15),X3(19),X3(1),X3(20)]';
R2=[X2(2),X2(3),X2(4),X2(5),X2(6),X2(7),X2(8),X2(9),X2(16),X2(12),X2(13),X2(18),X2(10),X2(15),X2(17),X2(14),X2(15),X2(19),X2(1),X2(20)]';
R3=[X1(2),X1(3),X1(4),X1(5),X1(6),X1(7),X1(8),X1(9),X1(16),X1(12),X1(13),X1(18),X1(10),X1(15),X1(17),X1(14),X1(15),X1(19),X1(1),X1(20)]';
R4=[X4(2),X4(3),X4(4),X4(5),X4(6),X4(7),X4(8),X4(9),X4(16),X4(12),X4(13),X4(18),X4(10),X4(15),X4(17),X4(14),X4(15),X4(19),X4(1),X4(20)]';
R5=[X5(2),X5(3),X5(4),X5(5),X5(6),X5(7),X5(8),X5(9),X5(16),X5(12),X5(13),X5(18),X5(10),X5(15),X5(17),X5(14),X5(15),X5(19),X5(1),X5(20)]';